[	0.0000000000000000e+00	1.0000000000000000e-02	1.0000000000000000e+01	]
[	2.6315789473684210e-03	9.9981207993401090e-03	9.2860912897066541e+00	]
[	5.2631578947368420e-03	9.9924891167102355e-03	8.5744279463684698e+00	]
[	7.8947368421052634e-03	9.9831225608606380e-03	7.8671948834449150e+00	]
[	1.0526315789473684e-02	9.9700499466016650e-03	7.1664559079705858e+00	]
[	1.3157894736842105e-02	9.9533104840095511e-03	6.4740972376340320e+00	]
[	1.5789473684210527e-02	9.9329528298483082e-03	5.7917809388384809e+00	]
[	1.8421052631578946e-02	9.9090335772297321e-03	5.1208947562826497e+00	]
[	2.1052631578947368e-02	9.8816157657901308e-03	4.4625212321202188e+00	]
[	2.3684210526315790e-02	9.8507675455824489e-03	3.8174140171436397e+00	]
[	2.6315789473684209e-02	9.8165601756179059e-03	3.1859758561187332e+00	]
[	2.8947368421052635e-02	9.7790652965525707e-03	2.5682560750273860e+00	]
[	3.1578947368421054e-02	9.7383547000864622e-03	1.9639598204570063e+00	]
[	3.4210526315789476e-02	9.6944976733131238e-03	1.3724561285103487e+00	]
[	3.6842105263157891e-02	9.6475591787811409e-03	7.9280926222613424e-01	]
[	3.9473684210526321e-02	9.5975985542011387e-03	2.2381231848130057e-01	]
[	4.2105263157894736e-02	9.5446681325523416e-03	-3.3596745268110695e-01	]
[	4.4736842105263158e-02	9.4888122490012095e-03	-8.8814018697247477e-01	]
[	4.7368421052631580e-02	9.4300664310085231e-03	-1.4344376156358578e+00	]
[	5.0000000000000003e-02	9.3684569025502731e-03	-1.9766540218977049e+00	]
[	5.2631578947368418e-02	9.3040004007353388e-03	-2.5165827495402731e+00	]
[	5.5263157894736847e-02	9.2367043660773959e-03	-3.0559572494302891e+00	]
[	5.7894736842105270e-02	9.1665674003215507e-03	-3.5963919109162354e+00	]
[	6.0526315789473685e-02	9.0935800498945490e-03	-4.1393248518385501e+00	]
[	6.3157894736842107e-02	9.0177258781118722e-03	-4.6859683136231851e+00	]
[	6.5789473684210537e-02	8.9389827069119663e-03	-5.2372674634458942e+00	]
[	6.8421052631578952e-02	8.8573242736098168e-03	-5.7938608010335795e+00	]
[	7.1052631578947367e-02	8.7727216638839485e-03	-6.3560596573912740e+00	]
[	7.3684210526315783e-02	8.6851454424811455e-03	-6.9238299289439560e+00	]
[	7.6315789473684226e-02	8.5945669349645343e-03	-7.4967825218180124e+00	]
[	7.8947368421052641e-02	8.5009609143083722e-03	-8.0741960216789508e+00	]
[	8.1578947368421056e-02	8.4043063314735988e-03	-8.6550030123524273e+00	]
[	8.4210526315789472e-02	8.3045888619841697e-03	-9.2378486999811962e+00	]
[	8.6842105263157901e-02	8.2018019372932325e-03	-9.8211027764188046e+00	]
[	8.9473684210526316e-02	8.0959481955150594e-03	-1.0402915585465387e+01	]
[	9.2105263157894746e-02	7.9870404618374320e-03	-1.0981266360984009e+01	]
[	9.4736842105263161e-02	7.8751025757424018e-03	-1.1554013807604139e+01	]
[	9.7368421052631590e-02	7.7601697898217019e-03	-1.2118962618716921e+01	]
[	1.0000000000000001e-01	7.6422889121682954e-03	-1.2673922089379754e+01	]
[	1.0000000000000001e-01	7.6422889121682954e-03	-1.2673922089379754e+01	]
[	1.0131578947368422e-01	7.5822610067775255e-03	-1.2946550490711349e+01	]
[	1.0263157894736842e-01	7.5215227612630024e-03	-1.3213297340819878e+01	]
[	1.0394736842105264e-01	7.4600934353376523e-03	-1.3471331442052399e+01	]
[	1.0526315789473685e-01	7.3979995360910758e-03	-1.3717887964024165e+01	]
[	1.0657894736842105e-01	7.3352748994326717e-03	-1.3950261507306312e+01	]
[	1.0789473684210527e-01	7.2719603332577556e-03	-1.4165843726768433e+01	]
[	1.0921052631578948e-01	7.2081032496994673e-03	-1.4362144872798094e+01	]
[	1.1052631578947368e-01	7.1437574023210442e-03	-1.4536806506321192e+01	]
[	1.1184210526315790e-01	7.0789829819935353e-03	-1.4687605713065544e+01	]
[	1.1315789473684211e-01	7.0138456327771713e-03	-1.4812497318940984e+01	]
[	1.1447368421052632e-01	6.9484150647055572e-03	-1.4909641628745245e+01	]
[	1.1578947368421053e-01	6.8827682424296198e-03	-1.4977338203585006e+01	]
[	1.1710526315789474e-01	6.8169827994081127e-03	-1.5014166313953304e+01	]
[	1.1842105263157895e-01	6.7511426350223775e-03	-1.5018875510680530e+01	]
[	1.1973684210526316e-01	6.6853340268167175e-03	-1.4990460042101468e+01	]
[	1.2105263157894737e-01	6.6196432632990758e-03	-1.4928170099045154e+01	]
[	1.2236842105263158e-01	6.5541630260916575e-03	-1.4831467721932100e+01	]
[	1.2368421052631579e-01	6.4889826457589809e-03	-1.4700090408866281e+01	]
[	1.2500000000000000e-01	6.4241924643331184e-03	-1.4534012086962775e+01	]
[	1.2631578947368421e-01	6.3598862183222634e-03	-1.4333467525338399e+01	]
[	1.2763157894736843e-01	6.2961523868257183e-03	-1.4098931167425921e+01	]
[	1.2894736842105264e-01	6.2330784815349417e-03	-1.3831112880416619e+01	]
[	1.3026315789473683e-01	6.1707531674976114e-03	-1.3530999919704204e+01	]
[	1.3157894736842105e-01	6.1092591076568475e-03	-1.3199782809126006e+01	]
[	1.3289473684210526e-01	6.0486753849488227e-03	-1.2838862655692569e+01	]
[	1.3421052631578947e-01	5.9890786562295378e-03	-1.2449882175013673e+01	]
[	1.3552631578947369e-01	5.9305410540017979e-03	-1.2034693383962910e+01	]
[	1.3684210526315790e-01	5.8731278574944909e-03	-1.1595285455300647e+01	]
[	1.3815789473684209e-01	5.8169006625658909e-03	-1.1133873197395271e+01	]
[	1.3947368421052631e-01	5.7619142784794625e-03	-1.0652806476270541e+01	]
[	1.4078947368421052e-01	5.7082168307492527e-03	-1.0154549678043914e+01	]
[	1.4210526315789473e-01	5.6558503763104000e-03	-9.6417173174153845e+00	]
[	1.4342105263157895e-01	5.6048497414577479e-03	-9.1170123572699531e+00	]
[	1.4473684210526316e-01	5.5552425031315383e-03	-8.5832127725847442e+00	]
[	1.4605263157894735e-01	5.5070488395706002e-03	-8.0431475694481804e+00	]
[	1.4736842105263157e-01	5.4602815079824486e-03	-7.4997006874622407e+00	]
[	1.4868421052631578e-01	5.4149455876012637e-03	-6.9557544017997621e+00	]
[	1.4999999999999999e-01	5.3710386257797655e-03	-6.4141786473067448e+00	]
[	1.4999999999999999e-01	5.3710386257797655e-03	-6.4141786473067448e+00	]
[	1.5131578947368421e-01	5.3285505644825679e-03	-5.8778337750329133e+00	]
[	1.5263157894736842e-01	5.2874639940963010e-03	-5.3495073341138859e+00	]
[	1.5394736842105264e-01	5.2477542204906261e-03	-4.8319225800227610e+00	]
[	1.5526315789473683e-01	5.2093895096085897e-03	-4.3277091996704904e+00	]
[	1.5657894736842104e-01	5.1723313696601034e-03	-3.8393832172634053e+00	]
[	1.5789473684210525e-01	5.1365346203804266e-03	-3.3693387140647886e+00	]
[	1.5921052631578947e-01	5.1019481869790679e-03	-2.9198065270460081e+00	]
[	1.6052631578947368e-01	5.0685159495406883e-03	-2.4928344830499611e+00	]
[	1.6184210526315790e-01	5.0361747931003372e-03	-2.0903416790578326e+00	]
[	1.6315789473684211e-01	5.0048596911332162e-03	-1.7139735958950499e+00	]
[	1.6447368421052633e-01	4.9744979306342941e-03	-1.3652478998599040e+00	]
[	1.6578947368421051e-01	4.9450167570159595e-03	-1.0453895962330844e+00	]
[	1.6710526315789473e-01	4.9163386611137732e-03	-7.5543004555997051e-01	]
[	1.6842105263157894e-01	4.8883823090075324e-03	-4.9617060628337484e-01	]
[	1.6973684210526316e-01	4.8610674296132497e-03	-2.6814148675806138e-01	]
[	1.7105263157894737e-01	4.8343124188168218e-03	-7.1639052537230796e-02	]
[	1.7236842105263159e-01	4.8080316026993444e-03	9.3289414298329376e-02	]
[	1.7368421052631580e-01	4.7821434883442765e-03	2.2685225953044430e-01	]
[	1.7499999999999999e-01	4.7565672478451226e-03	3.2949303759288462e-01	]
[	1.7631578947368420e-01	4.7312199030004054e-03	4.0193178961281895e-01	]
[	1.7763157894736842e-01	4.7060247631602646e-03	4.4509286843551976e-01	]
[	1.7894736842105263e-01	4.6809065842552790e-03	4.6013908240212764e-01	]
[	1.8026315789473685e-01	4.6557915711446570e-03	4.4849654187040677e-01	]
[	1.8157894736842106e-01	4.6306134423665336e-03	4.1172811747111204e-01	]
[	1.8289473684210528e-01	4.6053067953895589e-03	3.5168657224657451e-01	]
[	1.8421052631578949e-01	4.5798141744665087e-03	2.7032384898489603e-01	]
[	1.8552631578947368e-01	4.5540812483069104e-03	1.6984867070767784e-01	]
[	1.8684210526315789e-01	4.5280616179793750e-03	5.2536386640184674e-02	]
[	1.8815789473684211e-01	4.5017137689473945e-03	-7.9137329386659516e-02	]
[	1.8947368421052632e-01	4.4750032683923899e-03	-2.2259753794052273e-01	]
[	1.9078947368421054e-01	4.4479026349209640e-03	-3.7517634943231570e-01	]
[	1.9210526315789475e-01	4.4203914790337069e-03	-5.3412564365584458e-01	]
[	1.9342105263157897e-01	4.3924567244909753e-03	-6.9664317963011690e-01	]
[	1.9473684210526318e-01	4.3640927051655769e-03	-8.5989477710878504e-01	]
[	1.9605263157894737e-01	4.3353012491487396e-03	-1.0210211155953299e+00	]
[	1.9736842105263158e-01	4.3060916998984176e-03	-1.1771807542074022e+00	]
[	1.9868421052631580e-01	4.2764808016562397e-03	-1.3255665924375410e+00	]
[	2.0000000000000001e-01	4.2464926726721048e-03	-1.4634159653635361e+00	]
[	2.0000000000000001e-01	4.2464926726721048e-03	-2.1146341596536354e+02	]
[	2.0526315789473684e-01	4.1151220388901781e-03	-2.1346048074580679e+02	]
[	2.1052631578947370e-01	3.9638890361818179e-03	-2.1523768069361853e+02	]
[	2.1578947368421053e-01	3.7950525143805691e-03	-2.1680935374021763e+02	]
[	2.2105263157894739e-01	3.6106014315298875e-03	-2.1821235137591916e+02	]
[	2.2631578947368422e-01	3.4120364927137442e-03	-2.1950119063257998e+02	]
[	2.3157894736842105e-01	3.2002216606689823e-03	-2.2074120006161536e+02	]
[	2.3684210526315791e-01	2.9753120075904243e-03	-2.2200028484892275e+02	]
[	2.4210526315789474e-01	2.7367716855952692e-03	-2.2334041979591521e+02	]
[	2.4736842105263160e-01	2.4834786253485736e-03	-2.2480984822792612e+02	]
[	2.5263157894736843e-01	2.2139030973179069e-03	-2.2643696482575177e+02	]
[	2.5789473684210529e-01	1.9263380475680535e-03	-2.2822658383533982e+02	]
[	2.6315789473684209e-01	1.6191552984757508e-03	-2.3015905895730765e+02	]
[	2.6842105263157895e-01	1.2910544278694311e-03	-2.3219239281101122e+02	]
[	2.7368421052631581e-01	9.4127454923640861e-04	-2.3426702149229888e+02	]
[	2.7894736842105267e-01	5.6974461002999891e-04	-2.3631273865841595e+02	]
[	2.8421052631578947e-01	1.7715286032589202e-04	-2.3825692728053843e+02	]
[	2.8947368421052633e-01	-2.3507317529692395e-04	-2.4003308463752381e+02	]
[	2.9473684210526319e-01	-6.6487209114763236e-04	-2.4158858920814208e+02	]
[	3.0000000000000004e-01	-1.1097306347122161e-03	-2.4289085973229891e+02	]
[	3.0526315789473685e-01	-1.5669148022491894e-03	-2.4393103458401015e+02	]
[	3.1052631578947371e-01	-2.0337276867215346e-03	-2.4472483672526812e+02	]
[	3.1578947368421056e-01	-2.5077583172339259e-03	-2.4531049715293682e+02	]
[	3.2105263157894737e-01	-2.9870974836917431e-03	-2.4574391000168322e+02	]
[	3.2631578947368423e-01	-3.4704873696463846e-03	-2.4609171927319392e+02	]
[	3.3157894736842108e-01	-3.9573924849261519e-03	-2.4642308658413256e+02	]
[	3.3684210526315794e-01	-4.4479811937496944e-03	-2.4680118864375009e+02	]
[	3.4210526315789475e-01	-4.9430203112645413e-03	-2.4727541720527401e+02	]
[	3.4736842105263160e-01	-5.4436967230539497e-03	-2.4787530760815255e+02	]
[	3.5263157894736846e-01	-5.9513861610857978e-03	-2.4860681967015950e+02	]
[	3.5789473684210527e-01	-6.4673979825056790e-03	-2.4945151169167690e+02	]
[	3.6315789473684212e-01	-6.9927270331001309e-03	-2.5036867505416319e+02	]
[	3.6842105263157898e-01	-7.5278426796255068e-03	-2.5130016241459876e+02	]
[	3.7368421052631584e-01	-8.0725401040015552e-03	-2.5217731963729915e+02	]
[	3.7894736842105264e-01	-8.6258723187998439e-03	-2.5292923371701826e+02	]
[	3.8421052631578950e-01	-9.1861718373394980e-03	-2.5349125112547759e+02	]
[	3.8947368421052631e-01	-9.7511571371373500e-03	-2.5381272327635878e+02	]
[	3.9473684210526316e-01	-1.0318116875117606e-02	-2.5386314179899031e+02	]
[	4.0000000000000002e-01	-1.0884140879955940e-02	-2.5363576135213106e+02	]
[	4.0000000000000002e-01	-1.0884140879955940e-02	1.4636423864786894e+02	]
[	4.0526315789473688e-01	-1.1430564230578451e-02	1.4985274114725701e+02	]
[	4.1052631578947368e-01	-1.1939230453406386e-02	1.5352378375219612e+02	]
[	4.1578947368421054e-01	-1.2408689350929848e-02	1.5728636729860509e+02	]
[	4.2105263157894740e-01	-1.2838474791386599e-02	1.6104637815949499e+02	]
[	4.2631578947368420e-01	-1.3229079727379965e-02	1.6471744156013264e+02	]
[	4.3157894736842106e-01	-1.3581822156814491e-02	1.6823079187639578e+02	]
[	4.3684210526315792e-01	-1.3898614406353730e-02	1.7154310025097186e+02	]
[	4.4210526315789472e-01	-1.4181670493778624e-02	1.7464109879441313e+02	]
[	4.4736842105263158e-01	-1.4433178387162768e-02	1.7754265083029588e+02	]
[	4.5263157894736844e-01	-1.4654985879608050e-02	1.8029406900430419e+02	]
[	4.5789473684210530e-01	-1.4848328111532343e-02	1.8296387539611530e+02	]
[	4.6315789473684210e-01	-1.5013640291189035e-02	1.8563401461125525e+02	]
[	4.6842105263157896e-01	-1.5150470024860700e-02	1.8838933835331636e+02	]
[	4.7368421052631582e-01	-1.5257504374078868e-02	1.9130677374891565e+02	]
[	4.7894736842105262e-01	-1.5332705680451111e-02	1.9444546487206082e+02	]
[	4.8421052631578948e-01	-1.5373543785070984e-02	1.9783899930456880e+02	]
[	4.8947368421052634e-01	-1.5377290550121402e-02	2.0149079877816675e+02	]
[	4.9473684210526314e-01	-1.5341346805284834e-02	2.0537309160870205e+02	]
[	5.0000000000000000e-01	-1.5263558975553634e-02	2.0942965020398978e+02	]
[	5.0526315789473686e-01	-1.5142489947430126e-02	2.1358204618584878e+02	]
[	5.1052631578947372e-01	-1.4977606701525344e-02	2.1773847432830195e+02	]
[	5.1578947368421058e-01	-1.4769367287509985e-02	2.2180428941608847e+02	]
[	5.2105263157894732e-01	-1.4519193318024204e-02	2.2569284088018406e+02	]
[	5.2631578947368418e-01	-1.4229331535910194e-02	2.2933537249809416e+02	]
[	5.3157894736842104e-01	-1.3902624664992012e-02	2.3268871420100919e+02	]
[	5.3684210526315790e-01	-1.3542211787024134e-02	2.3573997011472008e+02	]
[	5.4210526315789476e-01	-1.3151203335354130e-02	2.3850749250539852e+02	]
[	5.4736842105263162e-01	-1.2732361700500443e-02	2.4103809207211984e+02	]
[	5.5263157894736836e-01	-1.2287833682232961e-02	2.4340088505350465e+02	]
[	5.5789473684210522e-01	-1.1818958619477991e-02	2.4567835050877352e+02	]
[	5.6315789473684208e-01	-1.1326183074024970e-02	2.4795586997979251e+02	]
[	5.6842105263157894e-01	-1.0809087171750706e-02	2.5031089588316436e+02	]
[	5.7368421052631580e-01	-1.0266522129869211e-02	2.5280306164492873e+02	]
[	5.7894736842105265e-01	-9.6968392852354712e-03	2.5546653104105152e+02	]
[	5.8421052631578940e-01	-9.0981867073972444e-03	2.5830534465801838e+02	]
[	5.8947368421052626e-01	-8.4688343824018200e-03	2.6129248638304068e+02	]
[	5.9473684210526312e-01	-7.8074893545845752e-03	2.6437270508411166e+02	]
[	5.9999999999999998e-01	-7.1135627281754691e-03	2.6746869776141193e+02	]
[	5.9999999999999998e-01	-7.1135627281754691e-03	6.7468697761411903e+01	]
[	6.0526315789473684e-01	-6.3952633834114666e-03	6.8989482300576256e+01	]
[	6.1052631578947369e-01	-5.6616763759915253e-03	7.0361208508266444e+01	]
[	6.1578947368421055e-01	-4.9147388148940005e-03	7.1515671230191273e+01	]
[	6.2105263157894730e-01	-4.1570376122248382e-03	7.2398996333508734e+01	]
[	6.2631578947368416e-01	-3.3916204915919348e-03	7.2978055974642757e+01	]
[	6.3157894736842102e-01	-2.6217580763462237e-03	7.3244324757276473e+01	]
[	6.3684210526315788e-01	-1.8506748956068843e-03	7.3214842703328443e+01	]
[	6.4210526315789473e-01	-1.0812904015580699e-03	7.2930097709315703e+01	]
[	6.4736842105263159e-01	-3.1599437163305885e-04	7.2449060744180500e+01	]
[	6.5263157894736845e-01	4.4351063872918563e-04	7.1842040099241757e+01	]
[	6.5789473684210531e-01	1.1962848534682641e-03	7.1182159001483527e+01	]
[	6.6315789473684206e-01	1.9421341567520708e-03	7.0536539050129008e+01	]
[	6.6842105263157892e-01	2.6815030860548351e-03	6.9958189184944004e+01	]
[	6.7368421052631577e-01	3.4152912446896353e-03	6.9479665865736763e+01	]
[	6.7894736842105263e-01	4.1446148851350525e-03	6.9109172956430470e+01	]
[	6.8421052631578949e-01	4.8705431205250393e-03	6.8829644718053984e+01	]
[	6.8947368421052635e-01	5.5938404450700321e-03	6.8600906655641921e+01	]
[	6.9473684210526321e-01	6.3147476097084486e-03	6.8364627897129921e+01	]
[	6.9999999999999996e-01	7.0328263814273375e-03	6.8051481155942781e+01	]
[	7.0526315789473681e-01	7.7468879143625059e-03	6.7589671701458286e+01	]
[	7.1052631578947367e-01	8.4550139201265539e-03	6.6913772313609343e+01	]
[	7.1578947368421053e-01	9.1546660794482506e-03	6.5972774918754638e+01	]
[	7.2105263157894739e-01	9.8428748419196969e-03	6.4736474332114184e+01	]
[	7.2631578947368425e-01	1.0516480217127106e-02	6.3199297468209927e+01	]
[	7.3157894736842111e-01	1.1172398461358793e-02	6.1381200016437511e+01	]
[	7.3684210526315796e-01	1.1807880706986618e-02	5.9325537177898930e+01	]
[	7.4210526315789471e-01	1.2420738665664538e-02	5.7094006825011796e+01	]
[	7.4736842105263157e-01	1.3009498372898484e-02	5.4759537163150725e+01	]
[	7.5263157894736843e-01	1.3573475742343464e-02	5.2397707388062948e+01	]
[	7.5789473684210529e-01	1.4112757207644456e-02	5.0077935742492677e+01	]
[	7.6315789473684215e-01	1.4628091961578504e-02	4.7855422806327525e+01	]
[	7.6842105263157900e-01	1.5120705505201573e-02	4.5764757914891874e+01	]
[	7.7368421052631586e-01	1.5592061800495698e-02	4.3816134259563015e+01	]
[	7.7894736842105272e-01	1.6043598391737027e-02	4.1994424159583396e+01	]
[	7.8421052631578947e-01	1.6476468236571108e-02	4.0261390504787286e+01	]
[	7.8947368421052633e-01	1.6891321195051899e-02	3.8560655483287142e+01	]
[	7.9473684210526319e-01	1.7288148953071462e-02	3.6824911163668176e+01	]
[	8.0000000000000004e-01	1.7666214294886774e-02	3.4984436967655157e+01	]
[	8.0000000000000004e-01	1.7666214294886774e-02	3.4984436967655157e+01	]
[	8.0526315789473690e-01	1.8024071991317791e-02	3.2975912391170596e+01	]
[	8.1052631578947376e-01	1.8359680152092120e-02	3.0750495155548688e+01	]
[	8.1578947368421062e-01	1.8670588344047178e-02	2.8280128150078117e+01	]
[	8.2105263157894737e-01	1.8954176941643554e-02	2.5561345796664646e+01	]
[	8.2631578947368423e-01	1.9207924755441114e-02	2.2616151918807812e+01	]
[	8.3157894736842108e-01	1.9429668533858930e-02	1.9489766054246292e+01	]
[	8.3684210526315794e-01	1.9617821435272024e-02	1.6245658781946450e+01	]
[	8.4210526315789480e-01	1.9771530286671394e-02	1.2958283567676967e+01	]
[	8.4736842105263166e-01	1.9890746283984836e-02	9.7045711706925424e+00	]
[	8.5263157894736841e-01	1.9976204615743627e-02	6.5550888587277596e+00	]
[	8.5789473684210527e-01	2.0029313205880899e-02	3.5659656104270439e+00	]
[	8.6315789473684212e-01	2.0051967454701829e-02	7.7261522423314077e-01	]
[	8.6842105263157898e-01	2.0046307284874960e-02	-1.8141200715013017e+00	]
[	8.7368421052631584e-01	2.0014452136722118e-02	-4.2087591798790127e+00	]
[	8.7894736842105270e-01	1.9958245261568041e-02	-6.4490207919941458e+00	]
[	8.8421052631578945e-01	1.9879030378812449e-02	-8.5907344547446360e+00	]
[	8.8947368421052631e-01	1.9777499456410590e-02	-1.0700670727798151e+01	]
[	8.9473684210526316e-01	1.9653621169257583e-02	-1.2847987487997349e+01	]
[	9.0000000000000002e-01	1.9506662453259500e-02	-1.5095417423839965e+01	]
[	9.0526315789473688e-01	1.9335299705930856e-02	-1.7491222406251214e+01	]
[	9.1052631578947374e-01	1.9137806246174942e-02	-2.0062912335992756e+01	]
[	9.1578947368421060e-01	1.8912292233964980e-02	-2.2813463965433577e+01	]
[	9.2105263157894735e-01	1.8656970952411808e-02	-2.5720499668454750e+01	]
[	9.2631578947368420e-01	1.8370416209574660e-02	-2.8738566395402575e+01	]
[	9.3157894736842106e-01	1.8051780424799387e-02	-3.1804169514803430e+01	]
[	9.3684210526315792e-01	1.7700948397727487e-02	-3.4843009341704985e+01	]
[	9.4210526315789478e-01	1.7318606700158421e-02	-3.7778542307840091e+01	]
[	9.4736842105263164e-01	1.6906220379494144e-02	-4.0540807977803368e+01	]
[	9.5263157894736838e-01	1.6465920758626611e-02	-4.3074456436095637e+01	]
[	9.5789473684210524e-01	1.6000315981884686e-02	-4.5345053372710119e+01	]
[	9.6315789473684210e-01	1.5512248688457384e-02	-4.7342836520237455e+01	]
[	9.6842105263157896e-01	1.5004529252244828e-02	-4.9083503894869096e+01	]
[	9.7368421052631582e-01	1.4479678984343734e-02	-5.0605992767607745e+01	]
[	9.7894736842105268e-01	1.3939706557217171e-02	-5.1967358947882147e+01	]
[	9.8421052631578942e-01	1.3385956331940754e-02	-5.3235589582838827e+01	]
[	9.8947368421052628e-01	1.2819036563723308e-02	-5.4481017740036322e+01	]
[	9.9473684210526314e-01	1.2238841629608073e-02	-5.5767531306038393e+01	]
[	1.0000000000000000e+00	1.1644663395850579e-02	-5.7144531469984614e+01	]
