[	0.0000000000000000e+00	1.0000000000000000e-02	0.0000000000000000e+00	0.0000000000000000e+00	0.0000000000000000e+00	]
[	2.6315789473684210e-03	9.9981207993401090e-03	1.3123869693978939e-05	-1.4278174205866916e-03	9.9485470618930656e-03	]
[	5.2631578947368420e-03	9.9924891167102355e-03	5.2091693710476690e-05	-2.8511441072630603e-03	1.9590840994655679e-02	]
[	7.8947368421052634e-03	9.9831225608606380e-03	1.1570355866546507e-04	-4.2656102331101696e-03	2.8629829771495634e-02	]
[	1.0526315789473684e-02	9.9700499466016650e-03	2.0200012851514661e-04	-5.6670881840588279e-03	3.6786861808172623e-02	]
[	1.3157894736842105e-02	9.9533104840095511e-03	3.0832403217034577e-04	-7.0518055247319371e-03	4.3810253785198323e-02	]
[	1.5789473684210527e-02	9.9329528298483082e-03	4.3139293998634766e-04	-8.4164381223230389e-03	4.9482448014454686e-02	]
[	1.8421052631578946e-02	9.9090335772297321e-03	5.6741264876367656e-04	-9.7582104874347000e-03	5.3627493821165384e-02	]
[	2.1052631578947368e-02	9.8816157657901308e-03	7.1219027647888462e-04	-1.1074957535759563e-02	5.6115786550836051e-02	]
[	2.3684210526315790e-02	9.8507675455824489e-03	8.6123933177207279e-04	-1.2365171965712721e-02	5.6867823307988487e-02	]
[	2.6315789473684209e-02	9.8165601756179059e-03	1.0099303606716352e-03	-1.3628048287762533e-02	5.5857422662316532e-02	]
[	2.8947368421052635e-02	9.7790652965525707e-03	1.1536869625052991e-03	-1.4863487849945229e-02	5.3111686894890452e-02	]
[	3.1578947368421054e-02	9.7383547000864622e-03	1.2880217254691221e-03	-1.6072080359085986e-02	4.8710354054478502e-02	]
[	3.4210526315789476e-02	9.6944976733131238e-03	1.4087296098772828e-03	-1.7255087742979302e-02	4.2784149214511291e-02	]
[	3.6842105263157891e-02	9.6475591787811409e-03	1.5120228598827325e-03	-1.8414381475547730e-02	3.5509935117600970e-02	]
[	3.9473684210526321e-02	9.5975985542011387e-03	1.5946328677161508e-03	-1.9552375363037399e-02	2.7105696247557431e-02	]
[	4.2105263157894736e-02	9.5446681325523416e-03	1.6539129849991274e-03	-2.0671934905362215e-02	1.7823585065236614e-02	]
[	4.4736842105263158e-02	9.4888122490012095e-03	1.6879152910432768e-03	-2.1776280373944950e-02	7.9425785065020162e-03	]
[	4.7368421052631580e-02	9.4300664310085231e-03	1.6954514476711967e-03	-2.2868875231271717e-02	-2.2400343523853632e-03	]
[	5.0000000000000003e-02	9.3684569025502731e-03	1.6761302211135796e-03	-2.3953308043795411e-02	-1.2417646264749060e-02	]
[	5.2631578947368418e-02	9.3040004007353388e-03	1.6303687757785064e-03	-2.5033165499080547e-02	-2.2284046828469978e-02	]
[	5.5263157894736847e-02	9.2367043660773959e-03	1.5593794831871791e-03	-2.6111914498860578e-02	-3.1542366333306648e-02	]
[	5.7894736842105270e-02	9.1665674003215507e-03	1.4651349234459843e-03	-2.7192783821832472e-02	-3.9914087211296440e-02	]
[	6.0526315789473685e-02	9.0935800498945490e-03	1.3503056939217404e-03	-2.8278649703677099e-02	-4.7147795290889818e-02	]
[	6.3157894736842107e-02	9.0177258781118722e-03	1.2181780835571632e-03	-2.9371936627246371e-02	-5.3026737558599782e-02	]
[	6.5789473684210537e-02	8.9389827069119663e-03	1.0725643048723524e-03	-3.0474534926891790e-02	-5.7375023038991911e-02	]
[	6.8421052631578952e-02	8.8573242736098168e-03	9.1766282785341882e-04	-3.1587721602067159e-02	-6.0063848104665842e-02	]
[	7.1052631578947367e-02	8.7727216638839485e-03	7.5796866113276651e-04	-3.2712119314782545e-02	-6.1014341031643674e-02	]
[	7.3684210526315783e-02	8.6851454424811455e-03	5.9808138782513212e-04	-3.3847659857887909e-02	-6.0200746260988272e-02	]
[	7.6315789473684226e-02	8.5945669349645343e-03	4.4265426364863906e-04	-3.4993565043636023e-02	-5.7651282169608541e-02	]
[	7.8947368421052641e-02	8.5009609143083722e-03	2.9610994090018434e-04	-3.6148392043357902e-02	-5.3445673770199154e-02	]
[	8.1578947368421056e-02	8.4043063314735988e-03	1.6268860443834516e-04	-3.7310006024704856e-02	-4.7715988283714393e-02	]
[	8.4210526315789472e-02	8.3045888619841697e-03	4.6156967246510056e-05	-3.8475697399962393e-02	-4.0638860798311111e-02	]
[	8.6842105263157901e-02	8.2018019372932325e-03	-5.0211350498508612e-05	-3.9642205552837609e-02	-3.2433009519110920e-02	]
[	8.9473684210526316e-02	8.0959481955150594e-03	-1.2377339569623956e-04	-4.0805831170930770e-02	-2.3350991544789135e-02	]
[	9.2105263157894746e-02	7.9870404618374320e-03	-1.7258705978670318e-04	-4.1962532721968017e-02	-1.3671808294049417e-02	]
[	9.4736842105263161e-02	7.8751025757424018e-03	-1.9546798675928057e-04	-4.3108027615208280e-02	-3.6931528671903203e-03	]
[	9.7368421052631590e-02	7.7601697898217019e-03	-1.9203081176936393e-04	-4.4237925237433841e-02	6.2786085790859526e-03	]
[	1.0000000000000001e-01	7.6422889121682954e-03	-1.6269729384898700e-04	-4.5347844178759505e-02	1.5937385247077229e-02	]
[	1.0000000000000001e-01	7.6422889121682954e-03	-1.6269729384898700e-04	-4.5347844178759505e-02	1.5937385247077229e-02	]
[	1.0131578947368422e-01	7.5822610067775255e-03	-1.0406637481304301e-04	-4.5893100981422699e-02	7.3120400755843140e-02	]
[	1.0263157894736842e-01	7.5215227612630024e-03	2.9466648886617868e-05	-4.6426594681639753e-02	1.2971546576944637e-01	]
[	1.0394736842105264e-01	7.4600934353376523e-03	2.3684045669644714e-04	-4.6942662884104799e-02	1.8529027638492832e-01	]
[	1.0526315789473685e-01	7.3979995360910758e-03	5.1643817981810998e-04	-4.7435775928048332e-02	2.3942260910064839e-01	]
[	1.0657894736842105e-01	7.3352748994326717e-03	8.6608522573642353e-04	-4.7900523014612624e-02	2.9169925065137697e-01	]
[	1.0789473684210527e-01	7.2719603332577556e-03	1.2830739751493313e-03	-4.8331687453536866e-02	3.4172173253976484e-01	]
[	1.0921052631578948e-01	7.2081032496994673e-03	1.7641913810019488e-03	-4.8724289745596186e-02	3.8910961102544139e-01	]
[	1.1052631578947368e-01	7.1437574023210442e-03	2.3057397888981402e-03	-4.9073613012642382e-02	4.3350239916847499e-01	]
[	1.1184210526315790e-01	7.0789829819935353e-03	2.9035322537651880e-03	-4.9375211426131091e-02	4.7456019716034442e-01	]
[	1.1315789473684211e-01	7.0138456327771713e-03	3.5529632845606425e-03	-4.9624994637881968e-02	5.1197013334682040e-01	]
[	1.1447368421052632e-01	6.9484150647055572e-03	4.2491104935562475e-03	-4.9819283257490493e-02	5.4545060369213461e-01	]
[	1.1578947368421053e-01	6.8827682424296198e-03	4.9865106402238032e-03	-4.9954676407170009e-02	5.7474111209725198e-01	]
[	1.1710526315789474e-01	6.8169827994081127e-03	5.7596302695530951e-03	-5.0028332627906610e-02	5.9962377894202157e-01	]
[	1.1842105263157895e-01	6.7511426350223775e-03	6.5624700877921381e-03	-5.0037751021361057e-02	6.1990655370854586e-01	]
[	1.1973684210526316e-01	6.6853340268167175e-03	7.3888446028296468e-03	-4.9980920084202934e-02	6.3543461168873527e-01	]
[	1.2105263157894737e-01	6.6196432632990758e-03	8.2325553925994780e-03	-4.9856340198090307e-02	6.4609209951766755e-01	]
[	1.2236842105263158e-01	6.5541630260916575e-03	9.0869349221651512e-03	-4.9662935443864201e-02	6.5179528357987815e-01	]
[	1.2368421052631579e-01	6.4889826457589809e-03	9.9455499480402970e-03	-4.9400180817732564e-02	6.5250241354895611e-01	]
[	1.2500000000000000e-01	6.4241924643331184e-03	1.0801890594629712e-02	-4.9068024173925549e-02	6.4820768270617968e-01	]
[	1.2631578947368421e-01	6.3598862183222634e-03	1.1649200936247885e-02	-4.8666935050676798e-02	6.3894487936008848e-01	]
[	1.2763157894736843e-01	6.2961523868257183e-03	1.2481105216797210e-02	-4.8197862334851842e-02	6.2478433079955797e-01	]
[	1.2894736842105264e-01	6.2330784815349417e-03	1.3291301062815713e-02	-4.7662225760833239e-02	6.0583215722787986e-01	]
[	1.3026315789473683e-01	6.1707531674976114e-03	1.4073409736597479e-02	-4.7061999839408411e-02	5.8223659208584533e-01	]
[	1.3157894736842105e-01	6.1092591076568475e-03	1.4821493705038899e-02	-4.6399565618252009e-02	5.5417684839854842e-01	]
[	1.3289473684210526e-01	6.0486753849488227e-03	1.5529884188382380e-02	-4.5677725311385135e-02	5.2186416973053718e-01	]
[	1.3421052631578947e-01	5.9890786562295378e-03	1.6193101375320821e-02	-4.4899764350027349e-02	4.8554650464734728e-01	]
[	1.3552631578947369e-01	5.9305410540017979e-03	1.6806007664160426e-02	-4.4069386767925822e-02	4.4550362550618061e-01	]
[	1.3684210526315790e-01	5.8731278574944909e-03	1.7363975279885587e-02	-4.3190570910601293e-02	4.0203620724049660e-01	]
[	1.3815789473684209e-01	5.8169006625658909e-03	1.7862663466661082e-02	-4.2267746394790542e-02	3.5547918255488381e-01	]
[	1.3947368421052631e-01	5.7619142784794625e-03	1.8298241294428447e-02	-4.1305612952541079e-02	3.0618803680555973e-01	]
[	1.4078947368421052e-01	5.7082168307492527e-03	1.8667380845233329e-02	-4.0309099356087827e-02	2.5453567851823544e-01	]
[	1.4210526315789473e-01	5.6558503763104000e-03	1.8967217441733960e-02	-3.9283434634830770e-02	2.0091781301311692e-01	]
[	1.4342105263157895e-01	5.6048497414577479e-03	1.9195432256350519e-02	-3.8234024714539905e-02	1.4574359247954663e-01	]
[	1.4473684210526316e-01	5.5552425031315383e-03	1.9350254816634022e-02	-3.7166425545169489e-02	8.9433564672082702e-02	]
[	1.4605263157894735e-01	5.5070488395706002e-03	1.9430474056097703e-02	-3.6086295138896364e-02	3.2416025809586815e-02	]
[	1.4736842105263157e-01	5.4602815079824486e-03	1.9435442808834826e-02	-3.4999401374924480e-02	-2.4872405235643470e-02	]
[	1.4868421052631578e-01	5.4149455876012637e-03	1.9365093407000929e-02	-3.3911508803599527e-02	-8.1995372706798950e-02	]
[	1.4999999999999999e-01	5.3710386257797655e-03	1.9219927837136559e-02	-3.2828357294613489e-02	-1.3851841700407985e-01	]
[	1.4999999999999999e-01	5.3710386257797655e-03	1.9219927837136559e-02	-3.2828357294613489e-02	-1.3851841700407985e-01	]
[	1.5131578947368421e-01	5.3285505644825679e-03	1.9001025988008891e-02	-3.1755667550065828e-02	-1.9400857512585207e-01	]
[	1.5263157894736842e-01	5.2874639940963010e-03	1.8710021731927960e-02	-3.0699014668227772e-02	-2.4804396724002570e-01	]
[	1.5394736842105264e-01	5.2477542204906261e-03	1.8349101049819808e-02	-2.9663845160045523e-02	-3.0021252579122071e-01	]
[	1.5526315789473683e-01	5.2093895096085897e-03	1.7920982437378403e-02	-2.8655418399340982e-02	-3.5011644338786763e-01	]
[	1.5657894736842104e-01	5.1723313696601034e-03	1.7428895368980780e-02	-2.7678766434526811e-02	-3.9737523026197369e-01	]
[	1.5789473684210525e-01	5.1365346203804266e-03	1.6876576427266907e-02	-2.6738677428129576e-02	-4.4162698608797785e-01	]
[	1.5921052631578947e-01	5.1019481869790679e-03	1.6268206026625445e-02	-2.5839613054092016e-02	-4.8253466208751777e-01	]
[	1.6052631578947368e-01	5.0685159495406883e-03	1.5608342655973214e-02	-2.4985668966099921e-02	-5.1978905789955598e-01	]
[	1.6184210526315790e-01	5.0361747931003372e-03	1.4902082111098003e-02	-2.4180683358115664e-02	-5.5310065545164588e-01	]
[	1.6315789473684211e-01	5.0048596911332162e-03	1.4154649999080492e-02	-2.3427947191790099e-02	-5.8222148811684760e-01	]
[	1.6447368421052633e-01	4.9744979306342941e-03	1.3371868083147578e-02	-2.2730495799719808e-02	-6.0692318972464865e-01	]
[	1.6578947368421051e-01	4.9450167570159595e-03	1.2559543959492566e-02	-2.2090779192466169e-02	-6.2702182524126482e-01	]
[	1.6710526315789473e-01	4.9163386611137732e-03	1.1723850573605367e-02	-2.1510860091119941e-02	-6.4236301038393329e-01	]
[	1.6842105263157894e-01	4.8883823090075324e-03	1.0871253117984958e-02	-2.0992341212566750e-02	-6.5282742722276077e-01	]
[	1.6973684210526316e-01	4.8610674296132497e-03	1.0008122969776890e-02	-2.0536282973516121e-02	-6.5833694991800740e-01	]
[	1.7105263157894737e-01	4.8343124188168218e-03	9.1409306144830740e-03	-2.0143278105074460e-02	-6.5884906619021899e-01	]
[	1.7236842105263159e-01	4.8080316026993444e-03	8.2764640818477567e-03	-1.9813421171403341e-02	-6.5435930306824652e-01	]
[	1.7368421052631580e-01	4.7821434883442765e-03	7.4211772832127494e-03	-1.9546295480939110e-02	-6.4490198191623704e-01	]
[	1.7499999999999999e-01	4.7565672478451226e-03	6.5814707251746190e-03	-1.9341013924814229e-02	-6.3054724083350500e-01	]
[	1.7631578947368420e-01	4.7312199030004054e-03	5.7639163934832469e-03	-1.9196136420774362e-02	-6.1140743443274437e-01	]
[	1.7763157894736842e-01	4.7060247631602646e-03	4.9745914430955017e-03	-1.9109814263128959e-02	-5.8762588918589154e-01	]
[	1.7894736842105263e-01	4.6809065842552790e-03	4.2194634099393911e-03	-1.9079721835195743e-02	-5.5938227958435993e-01	]
[	1.8026315789473685e-01	4.6557915711446570e-03	3.5043924430360699e-03	-1.9103006916259185e-02	-5.2689644150968651e-01	]
[	1.8157894736842106e-01	4.6306134423665336e-03	2.8346512712066276e-03	-1.9176543765057775e-02	-4.9040890020050187e-01	]
[	1.8289473684210528e-01	4.6053067953895589e-03	2.2154548143459513e-03	-1.9296626855506850e-02	-4.5020446340177567e-01	]
[	1.8421052631578949e-01	4.5798141744665087e-03	1.6513987302789628e-03	-1.9459352302030209e-02	-4.0658291711723299e-01	]
[	1.8552631578947368e-01	4.5540812483069104e-03	1.1468467245380109e-03	-1.9660302658584643e-02	-3.5988325739260352e-01	]
[	1.8684210526315789e-01	4.5280616179793750e-03	7.0554635755959297e-04	-1.9894927226719632e-02	-3.1045452368784116e-01	]
[	1.8815789473684211e-01	4.5017137689473945e-03	3.3087607996037580e-04	-2.0158274658773317e-02	-2.5867633601657208e-01	]
[	1.8947368421052632e-01	4.4750032683923899e-03	2.5669837347817868e-05	-2.0445195075881044e-02	-2.0494341210907613e-01	]
[	1.9078947368421054e-01	4.4479026349209640e-03	-2.0777150124041347e-04	-2.0750352698864633e-02	-1.4966462464543168e-01	]
[	1.9210526315789475e-01	4.4203914790337069e-03	-3.6769023180748954e-04	-2.1068251287311688e-02	-9.3261073657584376e-02	]
[	1.9342105263157897e-01	4.3924567244909753e-03	-4.5288907325659176e-04	-2.1393286359260234e-02	-3.6162107327109616e-02	]
[	1.9473684210526318e-01	4.3640927051655769e-03	-4.6273858799969226e-04	-2.1719789554217571e-02	2.1198054646359907e-02	]
[	1.9605263157894737e-01	4.3353012491487396e-03	-3.9718258970185049e-04	-2.2042042231190658e-02	7.8381340749098333e-02	]
[	1.9736842105263158e-01	4.3060916998984176e-03	-2.5674122480068810e-04	-2.2354361508414803e-02	1.3495239639078702e-01	]
[	1.9868421052631580e-01	4.2764808016562397e-03	-4.2501879746237012e-05	-2.2651133184875081e-02	1.9048108399016850e-01	]
[	2.0000000000000001e-01	4.2464926726721048e-03	2.4388359263600754e-04	-2.2926831930727073e-02	2.4454400756660349e-01	]
[	2.0000000000000001e-01	4.2464926726721048e-03	2.4388359263600754e-04	-2.2926831930727073e-02	2.4454400756660349e-01	]
[	2.0526315789473684e-01	4.1151220388901781e-03	1.5681460439805747e-03	-2.6920961491613573e-02	2.5351181566508535e-01	]
[	2.1052631578947370e-01	3.9638890361818179e-03	2.8579940838582858e-03	-3.0475361387237082e-02	2.3159932297195052e-01	]
[	2.1578947368421053e-01	3.7950525143805691e-03	3.9562229288921174e-03	-3.3618707480435273e-02	1.8140849261539688e-01	]
[	2.2105263157894739e-01	3.6106014315298875e-03	4.7283845142514639e-03	-3.6424702751838289e-02	1.0896368477546228e-01	]
[	2.2631578947368422e-01	3.4120364927137442e-03	5.0793414705349316e-03	-3.9002381265159952e-02	2.2972321217289912e-02	]
[	2.3157894736842105e-01	3.2002216606689823e-03	4.9645644792163969e-03	-4.1482400123230720e-02	-6.6218139428467021e-02	]
[	2.3684210526315791e-01	2.9753120075904243e-03	4.3955811467402206e-03	-4.4000569697845472e-02	-1.4787424591317458e-01	]
[	2.4210526315789474e-01	2.7367716855952692e-03	3.4385784928425245e-03	-4.6680839591830427e-02	-2.1217169418923970e-01	]
[	2.4736842105263160e-01	2.4834786253485736e-03	2.2063955841750949e-03	-4.9619696455852250e-02	-2.5138315197674177e-01	]
[	2.5263157894736843e-01	2.2139030973179069e-03	8.4489866683145102e-04	-5.2873929651503553e-02	-2.6080971136221426e-01	]
[	2.5789473684210529e-01	1.9263380475680535e-03	-4.8457854925900757e-04	-5.6453167670679663e-02	-2.3934925189446390e-01	]
[	2.6315789473684209e-01	1.6191552984757508e-03	-1.6247866225076765e-03	-6.0318117914615270e-02	-1.8963105716005402e-01	]
[	2.6842105263157895e-01	1.2910544278694311e-03	-2.4415486430557245e-03	-6.4384785622022420e-02	-1.1769531184419509e-01	]
[	2.7368421052631581e-01	9.4127454923640861e-04	-2.8399146213006305e-03	-6.8534042984597754e-02	-3.2265362280530070e-02	]
[	2.7894736842105267e-01	5.6974461002999891e-04	-2.7756532537482059e-03	-7.2625477316831916e-02	5.6305495887859464e-02	]
[	2.8421052631578947e-01	1.7715286032589202e-04	-2.2605984978924438e-03	-7.6513854561076899e-02	1.3728624124374456e-01	]
[	2.8947368421052633e-01	-2.3507317529692395e-04	-1.3611876621066072e-03	-8.0066169275047630e-02	2.0086501561167941e-01	]
[	2.9473684210526319e-01	-6.6487209114763236e-04	-1.9048182531981213e-04	-8.3177178416284178e-02	2.3933081644149215e-01	]
[	3.0000000000000004e-01	-1.1097306347122161e-03	1.1055884981120221e-03	-8.5781719464597839e-02	2.4801015315345173e-01	]
[	3.0526315789473685e-01	-1.5669148022491894e-03	2.3657729373052329e-03	-8.7862069168020321e-02	2.2582678053186794e-01	]
[	3.1052631578947371e-01	-2.0337276867215346e-03	3.4330343670537326e-03	-8.9449673450536241e-02	1.7543282014641720e-01	]
[	3.1578947368421056e-01	-2.5077583172339259e-03	4.1734459339438854e-03	-9.0620994305873642e-02	1.0289252518142193e-01	]
[	3.2105263157894737e-01	-2.9870974836917431e-03	4.4924980018946088e-03	-9.1487820003366416e-02	1.6944390123544359e-02	]
[	3.2631578947368423e-01	-3.4704873696463846e-03	4.3464411093959762e-03	-9.2183438546387830e-02	-7.2051121601264728e-02	]
[	3.3157894736842108e-01	-3.9573924849261519e-03	3.7475968411760483e-03	-9.2846173168265128e-02	-1.5336476251716433e-01	]
[	3.3684210526315794e-01	-4.4479811937496944e-03	2.7628866753884366e-03	-9.3602377287500205e-02	-2.1719270385958772e-01	]
[	3.4210526315789475e-01	-4.9430203112645413e-03	1.5057098871900370e-03	-9.4550834410548026e-02	-2.5584392666690181e-01	]
[	3.4736842105263160e-01	-5.4436967230539497e-03	1.2232594467737336e-04	-9.5750615216305124e-02	-2.6466434054336879e-01	]
[	3.5263157894736846e-01	-5.9513861610857978e-03	-1.2258412730218188e-03	-9.7213639340318986e-02	-2.4260307414042795e-01	]
[	3.5789473684210527e-01	-6.4673979825056790e-03	-2.3817049158244195e-03	-9.8903023383353827e-02	-1.9233837891734404e-01	]
[	3.6315789473684212e-01	-6.9927270331001309e-03	-3.2114802434038575e-03	-1.0073735010832638e-01	-1.1995295970041311e-01	]
[	3.6842105263157898e-01	-7.5278426796255068e-03	-3.6208173210522179e-03	-1.0260032482919751e-01	-3.4199352499232991e-02	]
[	3.7368421052631584e-01	-8.0725401040015552e-03	-3.5661900455007797e-03	-1.0435463927459830e-01	5.4554876407130012e-02	]
[	3.7894736842105264e-01	-8.6258723187998439e-03	-3.0601697545193248e-03	-1.0585846743403654e-01	1.3558219159907586e-01	]
[	3.8421052631578950e-01	-9.1861718373394980e-03	-2.1698653053865077e-03	-1.0698250225095517e-01	1.9909135824651181e-01	]
[	3.8947368421052631e-01	-9.7511571371373500e-03	-1.0088738024980185e-03	-1.0762544655271754e-01	2.3740612526050539e-01	]
[	3.9473684210526316e-01	-1.0318116875117606e-02	2.7658578493350305e-04	-1.0772628359798064e-01	2.4589884480913568e-01	]
[	4.0000000000000002e-01	-1.0884140879955940e-02	1.5252199487673659e-03	-1.0727152270426214e-01	2.2354181502892753e-01	]
[	4.0000000000000002e-01	-1.0884140879955940e-02	1.5252199487673659e-03	-1.0727152270426214e-01	2.2354181502892753e-01	]
[	4.0526315789473688e-01	-1.1430564230578451e-02	2.4704366081012580e-03	-1.0029451770548597e-01	1.3179479179457626e-01	]
[	4.1052631578947368e-01	-1.1939230453406386e-02	2.8825793390150414e-03	-9.2952432495607751e-02	2.3046223256039416e-02	]
[	4.1578947368421054e-01	-1.2408689350929848e-02	2.7063366077302938e-03	-8.5427265402789845e-02	-8.9501925339993155e-02	]
[	4.2105263157894740e-01	-1.2838474791386599e-02	1.9578296255958415e-03	-7.7907243681010013e-02	-1.9218822798054211e-01	]
[	4.2631578947368420e-01	-1.3229079727379965e-02	7.2263648858316841e-04	-7.0565116879734727e-02	-2.7254250712219152e-01	]
[	4.3157894736842106e-01	-1.3581822156814491e-02	-8.5445182680309896e-04	-6.3538416247208435e-02	-3.2078735281130122e-01	]
[	4.3684210526315792e-01	-1.3898614406353730e-02	-2.5870991282527464e-03	-5.6913799498056306e-02	-3.3102758781663522e-01	]
[	4.4210526315789472e-01	-1.4181670493778624e-02	-4.2696946574053551e-03	-5.0717802411173726e-02	-3.0195392365607543e-01	]
[	4.4736842105263158e-01	-1.4433178387162768e-02	-5.7023895078676485e-03	-4.4914698339408213e-02	-2.3700398598462147e-01	]
[	4.5263157894736844e-01	-1.4654985879608050e-02	-6.7150044091856143e-03	-3.9411861991391593e-02	-1.4395411237043967e-01	]
[	4.5789473684210530e-01	-1.4848328111532343e-02	-7.1878546340369562e-03	-3.4072249207769419e-02	-3.3967483475931225e-02	]
[	4.6315789473684210e-01	-1.5013640291189035e-02	-7.0659991310646104e-03	-2.8731970777489485e-02	7.9743184447339049e-02	]
[	4.6842105263157896e-01	-1.5150470024860700e-02	-6.3659596461016201e-03	-2.3221323293367253e-02	1.8351743230904041e-01	]
[	4.7368421052631582e-01	-1.5257504374078868e-02	-5.1736847882690356e-03	-1.7386452502168723e-02	2.6489651682466014e-01	]
[	4.7894736842105262e-01	-1.5332705680451111e-02	-3.6342311939927701e-03	-1.1109070255878347e-02	3.1412447648400488e-01	]
[	4.8421052631578948e-01	-1.5373543785070984e-02	-1.9341145735929585e-03	-4.3220013908623857e-03	3.2533281196268043e-01	]
[	4.8947368421052634e-01	-1.5377290550121402e-02	-2.7890079812156851e-04	2.9815975563335169e-03	2.9724248073709836e-01	]
[	4.9473684210526314e-01	-1.5341346805284834e-02	1.1316660150785410e-03	1.0746183217404124e-02	2.3332159967272045e-01	]
[	5.0000000000000000e-01	-1.5263558975553634e-02	2.1277564383663430e-03	1.8859300407979548e-02	1.4136969535295091e-01	]
[	5.0526315789473686e-01	-1.5142489947430126e-02	2.5900817769006655e-03	2.7164092371697555e-02	3.2567455811696761e-02	]
[	5.1052631578947372e-01	-1.4977606701525344e-02	2.4641785335121264e-03	3.5476948656603911e-02	-7.9865715681006713e-02	]
[	5.1578947368421058e-01	-1.4769367287509985e-02	1.7670509285556740e-03	4.3608578832176934e-02	-1.8227378104607195e-01	]
[	5.2105263157894732e-01	-1.4519193318024204e-02	5.8510126437502283e-04	5.1385681760368125e-02	-2.6221198319857991e-01	]
[	5.2631578947368418e-01	-1.4229331535910194e-02	-9.3636373473451765e-04	5.8670744996188316e-02	-3.0995213312045661e-01	]
[	5.3157894736842104e-01	-1.3902624664992012e-02	-2.6105541814179854e-03	6.5377428402018392e-02	-3.1965267521688917e-01	]
[	5.3684210526315790e-01	-1.3542211787024134e-02	-4.2319265887504481e-03	7.1479940229440139e-02	-2.9007040357713143e-01	]
[	5.4210526315789476e-01	-1.3151203335354130e-02	-5.6008889683508900e-03	7.7014985010797024e-02	-2.2470817000209176e-01	]
[	5.4736842105263162e-01	-1.2732361700500443e-02	-6.5480252746284856e-03	8.2076184144239686e-02	-1.3138884311641921e-01	]
[	5.5263157894736836e-01	-1.2287833682232961e-02	-6.9544336785328648e-03	8.6801770107009318e-02	-2.1318567857200665e-02	]
[	5.5789473684210522e-01	-1.1818958619477991e-02	-6.7662225083064548e-03	9.1356701017547032e-02	9.2275804655204324e-02	]
[	5.6315789473684208e-01	-1.1326183074024970e-02	-6.0009549291052174e-03	9.5911739959585032e-02	1.9573923099118129e-01	]
[	5.6842105263157894e-01	-1.0809087171750706e-02	-4.7455730847047860e-03	1.0062179176632871e-01	2.7663782428136824e-01	]
[	5.7368421052631580e-01	-1.0266522129869211e-02	-3.1458238989515814e-03	1.0560612328985745e-01	3.2526518562944051e-01	]
[	5.7894736842105265e-01	-9.6968392852354712e-03	-1.3888010557979410e-03	1.1093306208210305e-01	3.3580705686497181e-01	]
[	5.8421052631578940e-01	-9.0981867073972444e-03	3.1975565419169492e-04	1.1661068931603683e-01	3.0705085728022941e-01	]
[	5.8947368421052626e-01	-8.4688343824018200e-03	1.7802899847145141e-03	1.2258497276608139e-01	2.4252850418064373e-01	]
[	5.9473684210526312e-01	-7.8074893545845752e-03	2.8235112949169063e-03	1.2874541016822338e-01	1.5008785182679693e-01	]
[	5.9999999999999998e-01	-7.1135627281754691e-03	3.3307692294336044e-03	1.3493739552282380e-01	4.0952207732795919e-02	]
[	5.9999999999999998e-01	-7.1135627281754691e-03	3.3307692294336044e-03	1.3493739552282380e-01	4.0952207732795919e-02	]
[	6.0526315789473684e-01	-6.3952633834114666e-03	3.3033249634849457e-03	1.3797896460115250e-01	-5.1022333985672137e-02	]
[	6.1052631578947369e-01	-5.6616763759915253e-03	2.8072037165214575e-03	1.4072241701653287e-01	-1.3532766849794148e-01	]
[	6.1578947368421055e-01	-4.9147388148940005e-03	1.9103019499456630e-03	1.4303134246038254e-01	-2.0176290114715487e-01	]
[	6.2105263157894730e-01	-4.1570376122248382e-03	7.2905397793124218e-04	1.4479799266701746e-01	-2.4228629460186413e-01	]
[	6.2631578947368416e-01	-3.3916204915919348e-03	-5.8576429492069400e-04	1.4595611194928551e-01	-2.5199122563795839e-01	]
[	6.3157894736842102e-01	-2.6217580763462237e-03	-1.8671075523769190e-03	1.4648864951455295e-01	-2.2969298441880123e-01	]
[	6.3684210526315788e-01	-1.8506748956068843e-03	-2.9519517821159397e-03	1.4642968540665688e-01	-1.7807506419812205e-01	]
[	6.4210526315789473e-01	-1.0812904015580699e-03	-3.7009267812489017e-03	1.4586019541863141e-01	-1.0336682132882362e-01	]
[	6.4736842105263159e-01	-3.1599437163305885e-04	-4.0152420203501031e-03	1.4489812148836101e-01	-1.4587776262028861e-02	]
[	6.5263157894736845e-01	4.4351063872918563e-04	-3.8485852916997788e-03	1.4368408019848353e-01	7.7539895787980317e-02	]
[	6.5789473684210531e-01	1.1962848534682641e-03	-3.2127358844845858e-03	1.4236431800296706e-01	1.6188837235526995e-01	]
[	6.6315789473684206e-01	1.9421341567520708e-03	-2.1761621595829264e-03	1.4107307810025801e-01	2.2826592588033703e-01	]
[	6.6842105263157892e-01	2.6815030860548351e-03	-8.5572669720034098e-04	1.3991637836988802e-01	2.6865124528676060e-01	]
[	6.7368421052631577e-01	3.4152912446896353e-03	5.9736037219600938e-04	1.3895933173147354e-01	2.7815821154978287e-01	]
[	6.7894736842105263e-01	4.1446148851350525e-03	2.0158308693349557e-03	1.3821834591286095e-01	2.5562932146573136e-01	]
[	6.8421052631578949e-01	4.8705431205250393e-03	3.2365359125061770e-03	1.3765928943610797e-01	2.0377512327098399e-01	]
[	6.8947368421052635e-01	5.5938404450700321e-03	4.1201756202226937e-03	1.3720181331128384e-01	1.2884517343544188e-01	]
[	6.9473684210526321e-01	6.3147476097084486e-03	4.5680679035926611e-03	1.3672925579425985e-01	3.9874199510076397e-02	]
[	6.9999999999999996e-01	7.0328263814273375e-03	4.5340743541963276e-03	1.3610296231188557e-01	-5.2407742686374249e-02	]
[	7.0526315789473681e-01	7.7468879143625059e-03	4.0301796933914199e-03	1.3517934340291657e-01	-1.3687352999993110e-01	]
[	7.1052631578947367e-01	8.4550139201265539e-03	3.1249999128947119e-03	1.3382754462721869e-01	-2.0334382929215086e-01	]
[	7.1578947368421053e-01	9.1546660794482506e-03	1.9355319790825443e-03	1.3194554983750928e-01	-2.4381263399478698e-01	]
[	7.2105263157894739e-01	9.8428748419196969e-03	6.1294395723503821e-04	1.2947294866422837e-01	-2.5341926453358971e-01	]
[	7.2631578947368425e-01	1.0516480217127106e-02	-6.7566487678440406e-04	1.2639859493641986e-01	-2.3103142211653532e-01	]
[	7.3157894736842111e-01	1.1172398461358793e-02	-1.7674478692720201e-03	1.2276240003287502e-01	-1.7938206949453134e-01	]
[	7.3684210526315796e-01	1.1807880706986618e-02	-2.5234280381783171e-03	1.1865107435579786e-01	-1.0474562079837610e-01	]
[	7.4210526315789471e-01	1.2420738665664538e-02	-2.8454728206609948e-03	1.1418801365002360e-01	-1.6169307506987834e-02	]
[	7.4736842105263157e-01	1.3009498372898484e-02	-2.6879943495749354e-03	1.0951907432630145e-01	7.5609194037721941e-02	]
[	7.5263157894736843e-01	1.3573475742343464e-02	-2.0635425057671255e-03	1.0479541477612589e-01	1.5946657805581957e-01	]
[	7.5789473684210529e-01	1.4112757207644456e-02	-1.0412581210270146e-03	1.0015587148498535e-01	2.2523449037417129e-01	]
[	7.6315789473684215e-01	1.4628091961578504e-02	2.6139030408936406e-04	9.5710845612655054e-02	2.6492525974525527e-01	]
[	7.6842105263157900e-01	1.5120705505201573e-02	1.6929514517597380e-03	9.1529515829783747e-02	2.7370379895078084e-01	]
[	7.7368421052631586e-01	1.5592061800495698e-02	3.0860962167994178e-03	8.7632268519126033e-02	2.5046353682491240e-01	]
[	7.7894736842105272e-01	1.6043598391737027e-02	4.2778830384707532e-03	8.3988848319166795e-02	1.9796632293611532e-01	]
[	7.8421052631578947e-01	1.6476468236571108e-02	5.1295014392035466e-03	8.0522781009574579e-02	1.2250500590519997e-01	]
[	7.8947368421052633e-01	1.6891321195051899e-02	5.5429365341299157e-03	7.7121310966574291e-02	3.3146917818126190e-02	]
[	7.9473684210526319e-01	1.7288148953071462e-02	5.4728628665132121e-03	7.3649822327336356e-02	-5.9364385604552226e-02	]
[	8.0000000000000004e-01	1.7666214294886774e-02	4.9320850359716086e-03	6.9968873935310316e-02	-1.4390600595874734e-01	]
[	8.0000000000000004e-01	1.7666214294886774e-02	4.9320850359716086e-03	6.9968873935310316e-02	-1.4390600595874734e-01	]
[	8.0526315789473690e-01	1.8024071991317791e-02	3.9900039008793371e-03	6.5951824782341184e-02	-2.1031750178831010e-01	]
[	8.1052631578947376e-01	1.8359680152092120e-02	2.7642128609624305e-03	6.1500990311097375e-02	-2.5063114341181297e-01	]
[	8.1578947368421062e-01	1.8670588344047178e-02	1.4062405724829992e-03	5.6560256300156236e-02	-2.6003258146447034e-01	]
[	8.2105263157894737e-01	1.8954176941643554e-02	8.3365307102151908e-05	5.1122691593329293e-02	-2.3744050892894680e-01	]
[	8.2631578947368423e-01	1.9207924755441114e-02	-1.0416833846364759e-03	4.5232303837615624e-02	-1.8564134441628100e-01	]
[	8.3157894736842108e-01	1.9429668533858930e-02	-1.8304230252593331e-03	3.8979532108492587e-02	-1.1094725785659847e-01	]
[	8.3684210526315794e-01	1.9617821435272024e-02	-2.1852293778589029e-03	3.2491317563892896e-02	-2.2440876914860963e-02	]
[	8.4210526315789480e-01	1.9771530286671394e-02	-2.0612450855624267e-03	2.5916567135353934e-02	6.9129414941671713e-02	]
[	8.4736842105263166e-01	1.9890746283984836e-02	-1.4717436450524804e-03	1.9409142341385084e-02	1.5264337364911498e-01	]
[	8.5263157894736841e-01	1.9976204615743627e-02	-4.8655125815954869e-04	1.3110177717455519e-02	2.1795341510351321e-01	]
[	8.5789473684210527e-01	2.0029313205880899e-02	7.7644165975177426e-04	7.1319312208540878e-03	2.5711240730782187e-01	]
[	8.6315789473684212e-01	2.0051967454701829e-02	2.1653848538330618e-03	1.5452304484662816e-03	2.6532862252578088e-01	]
[	8.6842105263157898e-01	2.0046307284874960e-02	3.5129758047624453e-03	-3.6282401430026033e-03	2.4155107176381402e-01	]
[	8.7368421052631584e-01	2.0014452136722118e-02	4.6566234457280061e-03	-8.4175183597580260e-03	1.8858896404906131e-01	]
[	8.7894736842105270e-01	1.9958245261568041e-02	5.4579114894289342e-03	-1.2898041583988291e-02	1.1278267530847526e-01	]
[	8.8421052631578945e-01	1.9879030378812449e-02	5.8195879545590735e-03	-1.7181468909489270e-02	2.3227293031968160e-02	]
[	8.8947368421052631e-01	1.9777499456410590e-02	5.6971427249782316e-03	-2.1401341455596301e-02	-6.9318620634310837e-02	]
[	8.9473684210526316e-01	1.9653621169257583e-02	5.1042380708629046e-03	-2.5695974975994698e-02	-1.5373589803029519e-01	]
[	9.0000000000000002e-01	1.9506662453259500e-02	4.1110533317155421e-03	-3.0190834847679929e-02	-2.1988666751590846e-01	]
[	9.0526315789473688e-01	1.9335299705930856e-02	2.8358013151837803e-03	-3.4982444812502428e-02	-2.5983967373598477e-01	]
[	9.1052631578947374e-01	1.9137806246174942e-02	1.4304370578992619e-03	-4.0125824671985513e-02	-2.6882702967619826e-01	]
[	9.1578947368421060e-01	1.8912292233964980e-02	6.2382696240770129e-05	-4.5626927930867152e-02	-2.4582024948096490e-01	]
[	9.2105263157894735e-01	1.8656970952411808e-02	-1.1057788975795855e-03	-5.1440999336909501e-02	-1.9365633871555579e-01	]
[	9.2631578947368420e-01	1.8370416209574660e-02	-1.9359313302279154e-03	-5.7477132790805151e-02	-1.1869178754570318e-01	]
[	9.3157894736842106e-01	1.8051780424799387e-02	-2.3310514452026020e-03	-6.3608339029606858e-02	-3.0037110718081426e-02	]
[	9.3684210526315792e-01	1.7700948397727487e-02	-2.2469592777872578e-03	-6.9686018683409970e-02	6.1543567222057678e-02	]
[	9.4210526315789478e-01	1.7318606700158421e-02	-1.6976537065744714e-03	-7.5557084615680184e-02	1.4493453698669290e-01	]
[	9.4736842105263164e-01	1.6906220379494144e-02	-7.5359538881398429e-04	-8.1081615955606742e-02	2.1001107806296035e-01	]
[	9.5263157894736838e-01	1.6465920758626611e-02	4.6678231828782167e-04	-8.6148912872191272e-02	2.4886047102154171e-01	]
[	9.5789473684210524e-01	1.6000315981884686e-02	1.8114140621677322e-03	-9.0690106745420232e-02	2.5674064461508378e-01	]
[	9.6315789473684210e-01	1.5512248688457384e-02	3.1129775652388725e-03	-9.4685673040474913e-02	2.3265117560335669e-01	]
[	9.6842105263157896e-01	1.5004529252244828e-02	4.2091147589390287e-03	-9.8167007789738192e-02	1.7945250057963455e-01	]
[	9.7368421052631582e-01	1.4479678984343734e-02	4.9619445517185955e-03	-1.0121198553521549e-01	1.0352761034034400e-01	]
[	9.7894736842105268e-01	1.3939706557217171e-02	5.2749188307773757e-03	-1.0393471789576429e-01	1.4001440562719035e-02	]
[	9.8421052631578942e-01	1.3385956331940754e-02	5.1043493926546529e-03	-1.0647117916567765e-01	-7.8352989163229692e-02	]
[	9.8947368421052628e-01	1.2819036563723308e-02	4.4647465229763839e-03	-1.0896203548007265e-01	-1.6242206017702102e-01	]
[	9.9473684210526314e-01	1.2238841629608073e-02	3.4270637052503687e-03	-1.1153506261207678e-01	-2.2808984189061976e-01	]
[	1.0000000000000000e+00	1.1644663395850579e-02	2.1101113698153424e-03	-1.1428906293996922e-01	-2.6746257920117705e-01	]
